13
397.69 2.47 10000001 10000251 101
549.33 546.3 10000252 10000377 207
573.56 939.48 10000378 10001313 855
988.31 599.84 10001314 10001359 876
95.18 734.95 10001360 10001443 993
782.76 864.04 10001444 10001528 196
117.64 977.39 10001529 10001759 287
206.46 608.61 10001760 10001776 512
918.47 627.5 10001777 10002288 381
546.67 579.51 10002289 10002292 947
175.34 106.32 10002293 10003073 446
439.79 580.75 10003074 10003164 645
116.68 135.38 10003165 10003175 719
7
1 1 560
1 11 922
1 8 3
3 10 6
2 7 1000
3 11 720
1 10 298
