39
295.96 297.3 10000001 10000010 680
28.01 766.52 10000011 10000277 677
737.64 901.19 10000278 10000457 210
931.36 798.55 10000458 10001174 148
924.65 76.18 10001175 10001313 126
678.07 914.64 10001314 10001396 958
478.1 272.26 10001397 10001437 542
251.49 482.78 10001438 10001845 75
682.68 817.23 10001846 10001948 931
980.12 346.17 10001949 10002133 681
918.96 287.68 10002134 10002614 687
322.33 704.72 10002615 10003092 514
503.97 679.69 10003093 10003202 938
558.2 902.87 10003203 10003575 344
707.86 522.44 10003576 10003611 98
902.65 984.24 10003612 10003709 524
904.1 989.77 10003710 10003847 179
794.39 386.59 10003848 10004312 576
571.2 245.09 10004313 10004496 138
611.13 87.98 10004497 10004499 846
966.51 650.92 10004500 10004688 884
668.25 830.52 10004689 10005111 810
513.96 696.21 10005112 10005494 141
251.13 536.48 10005495 10005556 928
653.58 548.77 10005557 10005734 379
396.71 527.96 10005735 10005770 411
824.93 934.94 10005771 10005905 349
456.09 381.77 10005906 10006018 103
572.58 963.69 10006019 10006070 434
875.14 486.27 10006071 10006235 680
364.83 626.18 10006236 10006459 881
917.65 569.34 10006460 10006758 347
655.78 94.38 10006759 10006818 954
202.88 337.2 10006819 10007411 740
474.44 394.2 10007412 10007505 379
308.56 14.69 10007506 10007725 951
128.83 564.73 10007726 10008094 755
133.99 755.14 10008095 10008837 471
219.61 729.34 10008838 10008900 539
7
3 23 551
3 29 255
1 38 18
3 34 45
3 20 468
0 10000228
2 1 921
