20
351.57 173.11 10000001 10000098 906
545.71 634.72 10000099 10000969 737
700.46 725.06 10000970 10001096 761
906.54 162.61 10001097 10001762 618
819.18 3.04 10001763 10001814 113
742.19 888.18 10001815 10001984 904
503.84 681.12 10001985 10002283 315
636.14 444.78 10002284 10002359 844
68.14 456.69 10002360 10002626 807
412.87 440.09 10002627 10003335 870
834.67 187.0 10003336 10003345 672
966.59 126.98 10003346 10003569 798
707.04 665.42 10003570 10003613 809
104.2 588.7 10003614 10004027 369
559.02 519.36 10004028 10004667 129
869.01 933.42 10004668 10004679 312
664.2 552.84 10004680 10005283 318
421.03 365.95 10005284 10005482 310
193.82 211.45 10005483 10005513 387
316.94 83.97 10005514 10005741 631
8
3 19 345
0 10000826
3 2 828
0 10004154
3 0 429
1 7 664
2 17 586
0 10002129
