36
456.85 716.02 10000001 10000119 880
5.05 407.26 10000120 10000196 319
939.89 846.79 10000197 10000511 736
307.75 523.13 10000512 10000574 430
801.17 566.67 10000575 10001398 996
944.24 760.03 10001399 10001441 409
145.26 41.35 10001442 10001542 606
972.14 574.72 10001543 10001839 559
508.96 833.83 10001840 10001924 960
629.1 664.73 10001925 10002645 878
386.13 672.02 10002646 10002986 58
214.21 665.16 10002987 10003119 455
552.73 748.62 10003120 10003400 701
469.68 439.76 10003401 10003465 812
798.8 905.24 10003466 10003642 120
903.26 707.57 10003643 10003838 93
190.94 357.68 10003839 10003988 824
147.93 6.54 10003989 10004085 501
162.76 795.82 10004086 10004591 376
570.51 474.65 10004592 10004705 220
171.25 399.71 10004706 10004868 932
544.2 417.19 10004869 10005218 106
649.77 634.01 10005219 10005230 629
842.02 261.47 10005231 10005615 626
673.16 37.05 10005616 10005741 926
412.65 861.23 10005742 10006335 333
883.28 998.47 10006336 10006356 536
353.88 202.23 10006357 10006814 916
793.37 820.77 10006815 10006874 461
448.34 707.08 10006875 10007532 538
674.19 274.34 10007533 10007774 150
360.29 273.78 10007775 10008501 841
137.23 604.46 10008502 10008637 809
968.96 219.83 10008638 10008722 291
844.91 774.43 10008723 10008763 768
592.0 225.64 10008764 10008937 345
4
3 7 734
2 15 488
3 33 863
2 24 459
