39
389.48 850.95 10000001 10000149 836
911.37 298.92 10000150 10000153 956
742.7 361.76 10000154 10000163 437
811.26 844.03 10000164 10000235 327
601.54 325.13 10000236 10000691 624
723.74 774.83 10000692 10000786 136
492.59 948.28 10000787 10001133 385
890.9 691.84 10001134 10001236 663
132.21 803.11 10001237 10001784 176
776.17 289.26 10001785 10001881 51
242.63 203.47 10001882 10002844 906
302.36 657.42 10002845 10003006 146
576.53 799.97 10003007 10003191 732
736.69 721.09 10003192 10003254 486
821.51 950.67 10003255 10003798 781
628.98 80.08 10003799 10003846 332
115.79 802.72 10003847 10003878 985
355.3 205.12 10003879 10004250 774
222.72 646.47 10004251 10004252 188
612.51 669.31 10004253 10004346 148
229.86 73.4 10004347 10004790 358
391.59 218.62 10004791 10005276 914
239.15 883.32 10005277 10005497 90
12.28 428.37 10005498 10005834 795
450.41 627.59 10005835 10005848 229
972.08 366.68 10005849 10006541 438
75.17 101.87 10006542 10006994 332
799.18 949.53 10006995 10007471 916
466.85 345.64 10007472 10008430 447
764.98 715.37 10008431 10009131 554
682.42 806.12 10009132 10009501 694
263.99 49.94 10009502 10010166 293
402.81 721.02 10010167 10010366 531
374.32 260.67 10010367 10010505 902
570.7 811.98 10010506 10010621 603
751.21 67.63 10010622 10010782 591
201.23 855.36 10010783 10011382 481
636.33 159.12 10011383 10011683 83
914.34 480.8 10011684 10012046 445
14
3 27 985
0 10002431
0 10010385
0 10008303
3 20 854
3 38 737
2 17 746
2 30 889
0 10013333
0 10002247
3 38 951
3 14 855
1 30 224
2 13 737
