17
993.76 729.77 10000001 10000008 548
648.08 749.54 10000009 10000201 736
842.79 222.22 10000202 10000411 563
297.91 612.12 10000412 10000732 295
441.35 982.21 10000733 10001019 83
193.53 341.93 10001020 10001184 62
875.44 396.61 10001185 10001244 619
606.78 637.09 10001245 10001704 703
274.84 710.93 10001705 10001712 516
962.76 912.83 10001713 10002005 646
380.28 549.39 10002006 10002036 68
371.97 752.09 10002037 10002227 490
116.57 526.13 10002228 10002890 695
161.53 96.95 10002891 10003043 777
334.18 241.03 10003044 10003728 941
246.3 719.79 10003729 10004245 744
834.63 555.18 10004246 10004263 56
3
3 9 70
2 5 499
2 3 288
