32
272.15 876.34 10000001 10000364 471
124.24 305.35 10000365 10000982 371
544.69 658.0 10000983 10001115 192
204.83 464.56 10001116 10001165 841
701.86 484.26 10001166 10001270 751
988.78 39.0 10001271 10001345 93
527.35 243.33 10001346 10002152 403
579.48 184.51 10002153 10002232 454
18.8 954.14 10002233 10002546 673
443.98 557.55 10002547 10002559 905
570.8 724.07 10002560 10003043 644
318.32 300.94 10003044 10003157 52
882.05 240.21 10003158 10003415 830
941.56 422.77 10003416 10003926 690
643.81 957.16 10003927 10004179 642
540.64 895.04 10004180 10004450 95
354.48 230.32 10004451 10004643 236
202.64 204.06 10004644 10004828 301
94.16 981.32 10004829 10005476 385
3.46 299.74 10005477 10005934 721
370.45 941.61 10005935 10006198 624
949.16 384.6 10006199 10006242 543
612.06 737.59 10006243 10006479 867
641.95 907.77 10006480 10006604 413
579.95 121.99 10006605 10006606 181
111.12 893.02 10006607 10007154 576
432.21 953.86 10007155 10007518 327
216.44 949.99 10007519 10007617 420
562.06 83.11 10007618 10007633 138
916.49 43.61 10007634 10007720 157
880.03 322.43 10007721 10008122 560
331.59 328.94 10008123 10008234 905
9
3 19 664
3 4 29
3 5 855
0 10007116
3 4 288
3 19 471
1 23 550
3 10 393
3 2 474
