19
571.47 841.41 10000001 10000026 153
683.9 896.25 10000027 10000482 939
962.91 967.25 10000483 10001077 687
621.38 91.53 10001078 10001282 367
592.59 126.44 10001283 10001372 548
847.01 940.54 10001373 10001553 938
323.53 192.36 10001554 10001584 276
383.56 548.91 10001585 10001590 608
587.5 732.86 10001591 10001927 886
155.04 49.05 10001928 10002485 543
274.03 253.45 10002486 10002746 826
538.52 495.74 10002747 10003590 871
339.74 12.05 10003591 10003764 331
764.32 914.55 10003765 10004272 863
351.53 693.01 10004273 10004388 691
518.01 250.56 10004389 10004425 86
454.94 952.12 10004426 10004482 234
791.74 35.83 10004483 10004511 893
78.3 339.24 10004512 10004562 167
2
2 5 242
2 11 368
