43
410.88 365.64 10000001 10000007 400
713.42 522.37 10000008 10000188 628
91.92 181.81 10000189 10000670 497
500.93 317.32 10000671 10000891 232
599.58 708.93 10000892 10000969 939
415.01 188.52 10000970 10001521 738
921.19 643.68 10001522 10001836 507
772.58 310.82 10001837 10001874 863
238.95 83.53 10001875 10001888 991
360.6 187.97 10001889 10001900 898
642.3 116.38 10001901 10002333 73
446.26 623.18 10002334 10002388 472
617.08 274.54 10002389 10002673 974
946.81 965.21 10002674 10002685 436
695.0 485.88 10002686 10003002 841
254.82 130.39 10003003 10003504 162
287.55 404.56 10003505 10003525 166
454.82 533.04 10003526 10003631 876
523.5 800.48 10003632 10003857 743
152.19 914.66 10003858 10004082 797
176.62 349.51 10004083 10004175 506
858.84 459.4 10004176 10004364 779
451.92 944.03 10004365 10004705 744
252.05 854.13 10004706 10005030 155
770.11 357.63 10005031 10005261 104
910.49 794.19 10005262 10005275 881
230.69 990.86 10005276 10005712 148
767.39 386.2 10005713 10005947 815
128.2 21.65 10005948 10005988 655
487.94 27.62 10005989 10006035 641
248.27 75.31 10006036 10006173 519
340.35 710.88 10006174 10006517 963
686.38 704.82 10006518 10006521 96
82.48 241.72 10006522 10006623 409
751.11 267.21 10006624 10006868 229
347.26 609.35 10006869 10007034 393
877.96 652.73 10007035 10007723 816
965.16 914.86 10007724 10008430 693
329.41 933.91 10008431 10008627 588
904.13 34.58 10008628 10008631 314
341.15 254.48 10008632 10008996 500
922.19 474.75 10008997 10009125 612
572.79 616.66 10009126 10009871 978
8
0 10001923
3 22 896
1 42 784
3 14 840
2 37 392
2 15 300
2 7 488
0 10009714
