44
524.84 608.37 10000001 10000124 489
347.16 319.21 10000125 10000154 796
798.23 528.67 10000155 10000331 988
548.41 528.88 10000332 10000630 451
148.22 367.52 10000631 10000776 458
645.31 124.04 10000777 10000956 721
550.03 840.98 10000957 10001216 985
30.12 517.22 10001217 10001435 670
473.95 747.31 10001436 10001844 651
692.71 741.05 10001845 10001955 397
717.76 778.48 10001956 10002471 129
621.71 198.53 10002472 10002521 277
596.27 412.79 10002522 10002922 344
431.37 369.85 10002923 10002960 938
297.67 215.62 10002961 10003041 163
977.2 910.23 10003042 10003480 579
454.45 580.18 10003481 10004286 275
208.92 148.82 10004287 10004507 213
283.14 440.35 10004508 10004892 711
80.93 3.96 10004893 10005213 148
855.86 275.08 10005214 10005503 334
821.35 102.06 10005504 10005632 115
23.83 975.94 10005633 10005818 890
355.99 787.85 10005819 10005980 122
159.38 722.42 10005981 10006196 70
271.8 510.33 10006197 10006200 228
487.41 128.24 10006201 10006357 109
545.27 260.4 10006358 10006383 583
906.35 734.6 10006384 10006610 130
768.87 672.53 10006611 10007176 139
348.25 974.88 10007177 10008093 864
407.8 222.11 10008094 10008142 728
834.55 685.15 10008143 10008343 804
142.9 514.22 10008344 10008424 601
281.05 498.68 10008425 10008693 362
943.24 567.52 10008694 10009178 300
707.66 315.93 10009179 10009954 685
856.52 530.8 10009955 10010389 849
277.14 348.05 10010390 10010627 427
39.91 369.37 10010628 10010999 65
182.81 537.31 10011000 10011515 493
518.71 740.07 10011516 10011862 773
223.02 597.97 10011863 10012583 629
159.9 601.48 10012584 10012804 485
19
2 0 435
2 14 590
0 10001491
2 23 434
2 19 245
0 10001655
0 10001824
1 2 862
3 5 591
3 20 871
1 13 181
1 42 429
1 4 315
0 10006064
3 24 967
1 10 426
2 0 127
0 10015285
2 43 766
