16
917.68 740.52 10000001 10000060 920
490.04 739.38 10000061 10000329 559
419.86 648.25 10000330 10000740 553
894.96 338.14 10000741 10000827 309
704.54 191.33 10000828 10000886 453
96.7 151.5 10000887 10000897 229
349.72 869.52 10000898 10001178 852
108.56 380.03 10001179 10001197 312
426.72 109.64 10001198 10001256 447
679.21 752.17 10001257 10001455 568
907.84 294.05 10001456 10001511 786
45.29 415.39 10001512 10001823 360
805.91 907.5 10001824 10001844 719
895.65 576.4 10001845 10002082 237
23.67 969.89 10002083 10002084 369
881.61 700.12 10002085 10002379 959
17
2 2 376
1 2 468
3 15 234
1 11 596
3 6 500
2 12 847
3 5 212
0 10002193
0 10000688
0 10002646
2 9 527
3 8 173
3 10 735
2 0 995
3 15 401
1 9 349
1 3 572
