27
343.1 370.83 10000001 10000074 621
268.5 717.49 10000075 10000730 182
816.85 400.92 10000731 10001280 652
775.6 430.52 10001281 10001293 616
539.35 966.25 10001294 10001641 956
449.11 898.36 10001642 10001903 727
939.95 409.78 10001904 10002008 301
190.64 237.03 10002009 10002109 894
512.37 175.87 10002110 10002307 746
509.34 399.77 10002308 10002539 607
512.24 270.03 10002540 10002593 767
99.29 768.89 10002594 10002939 664
619.22 812.88 10002940 10003488 411
960.79 353.36 10003489 10004033 439
178.02 462.18 10004034 10004041 351
52.38 540.49 10004042 10004310 556
20.07 520.6 10004311 10004362 824
207.28 798.93 10004363 10004957 592
817.25 278.96 10004958 10005177 498
952.48 62.55 10005178 10005259 504
965.32 877.66 10005260 10005558 844
554.02 590.6 10005559 10005624 538
467.63 35.84 10005625 10005669 405
86.63 890.24 10005670 10005952 266
688.68 461.78 10005953 10006117 184
831.15 92.08 10006118 10006348 591
294.81 53.09 10006349 10006423 250
20
0 10000497
2 19 855
0 10003404
1 22 349
3 7 646
0 10008547
1 1 373
3 8 288
3 6 374
3 22 676
3 15 188
2 18 805
2 23 561
3 17 103
3 22 946
0 10000596
1 13 318
0 10007353
0 10004164
3 8 520
