21
75.27 79.16 10000001 10000808 644
924.12 279.08 10000809 10001319 301
426.41 437.67 10001320 10001725 489
188.28 550.87 10001726 10001796 594
621.92 455.32 10001797 10002088 747
207.79 691.85 10002089 10002151 201
929.89 718.17 10002152 10002179 82
252.95 480.04 10002180 10002204 904
899.81 160.16 10002205 10002253 944
946.66 470.07 10002254 10002438 424
599.47 189.89 10002439 10002725 475
718.2 343.94 10002726 10002995 141
905.97 262.2 10002996 10003174 762
35.62 831.7 10003175 10003552 859
991.09 588.17 10003553 10003975 466
521.3 829.95 10003976 10003990 865
113.54 367.13 10003991 10004662 565
683.33 428.7 10004663 10004882 72
974.49 827.25 10004883 10005092 313
419.9 607.64 10005093 10005421 816
833.5 908.33 10005422 10005454 527
11
0 10007145
2 15 937
0 10006180
0 10007729
0 10006354
3 14 107
1 11 339
2 11 884
3 12 916
3 14 449
3 11 848
