B += 98
A = {181, 477, 296, 143, 207, 507, 985, 314, 353, 636, 858, 358, 643, 582, 702, 320, 383, 373, 533, 287, 342, 371, 109, 329, 908, 489, 67, 271, 690, 98, 813, 784, 306, 15, 354, 524, 593, 482, 730, 286, 693, 227, 134, 125, 290, 217, 978, 269, 782, 137, 95, 484, 554, 746, 551, 541, 928, 850, 564, 793, 449, 655, 691, 833, 964, 44, 420, 810, 989, 100, 569, 73, 969, 657, 102, 708, 261, 699, 898, 343, 993, 823, 744, 316, 618, 308, 508, 759, 122, 987, 602, 949, 880, 647, 824, 818, 255, 889, 697, 980, 7, 804, 185, 995, 82, 397, 536, 115, 734, 370, 359, 237, 68, 613, 967, 839, 29, 194, 92, 379, 202, 689, 251, 842, 91, 579, 537, 947, 925, 439, 783, 496, 83, 787, 267, 211, 246, 433, 885, 234, 649, 513, 378, 107, 14, 687, 199, 162, 200, 798, 673, 422, 235, 3, 156, 624, 957, 124, 841, 681, 481, 256, 514, 848, 790, 990, 758, 163, 814, 145, 539, 743, 364, 751, 820, 630, 875, 216, 153, 323, 849, 670, 609, 491, 101, 836, 566, 74, 805, 950, 398, 502, 179, 347, 436, 628, 703, 733, 382, 882, 485, 933, 652, 542, 193, 608, 159, 997, 400, 280, 656, 403, 586, 912, 561, 309, 248, 385, 206, 59, 946, 226, 825, 672, 590, 176, 43, 307, 116, 709, 190, 625, 17, 389, 345, 111, 765, 318, 684, 640, 695, 905, 760, 936, 862, 584, 854, 752, 654, 461, 424, 822, 806, 188, 622, 728, 20, 599, 722, 664, 516, 594, 41, 545, 515, 939, 250, 268, 24, 698, 27, 921, 988, 239, 497, 245, 37, 527, 982, 856, 522, 879, 233, 951, 724, 750, 54, 863, 151, 411, 147, 558, 230, 914, 872, 473, 26, 21, 13, 63, 452, 340, 492, 203, 909, 232, 826, 402, 996, 532, 454, 547, 745, 173, 462, 32, 600, 61, 686, 377, 135, 570, 607, 302, 238, 384, 52, 334, 36, 732, 796, 231, 171, 677, 148, 659, 419, 415, 557, 326, 19, 51, 53, 756, 801, 40, 650, 565, 920, 423, 380, 177, 562, 11, 263, 606, 438, 883, 35, 832, 130, 413, 214, 292, 430, 78, 791, 344, 855, 981, 923, 138, 585, 84, 304, 369, 525, 844, 629, 9, 64, 331, 892, 240, 220, 633, 396, 902, 277, 886, 30, 576, 816, 803, 327, 717, 903, 572, 58, 486, 510, 450, 414, 391, 632, 620, 878, 534, 409, 114, 580, 495, 16, 88, 395, 425, 938, 910, 315, 727, 350, 766, 953, 937, 131, 897, 904, 922, 351, 346, 998, 808, 284, 189, 603, 726, 864, 48, 614, 494, 711, 715, 504, 753, 721, 679, 770, 317, 931, 762, 935, 404, 945, 99, 519, 926, 868, 503, 718, 559, 930, 769, 71, 442, 531, 291, 72, 2, 368, 184, 807, 480, 789, 919, 312, 774, 375, 574, 249, 387, 682, 90, 678, 948, 642, 500, 150, 812, 843, 464, 963, 891, 455, 621, 362, 456, 34, 637, 361, 258, 70, 548, 270, 348, 129, 372, 977, 992, 596, 196, 244, 182, 198, 262, 696, 960, 956, 167, 934, 773, 683, 771, 144, 894, 97, 846, 970, 877, 243, 866, 392, 197, 242, 714, 112, 860, 605, 616, 62, 75, 428, 459, 929, 475, 645, 5, 592, 635, 604, 615, 567, 700, 893, 365, 257, 260, 154, 352, 142, 322, 208, 295, 110, 288, 932, 49, 941, 183, 530, 332, 959, 168, 170, 405, 612, 126, 289, 418, 837, 166, 445, 417, 529, 278, 661, 8, 406, 631, 729, 297, 253, 845, 46, 435, 896, 958, 779, 598, 692, 852, 701, 472, 847, 283, 139, 254, 916, 749, 81, 136, 498, 311, 811, 591, 780, 587, 447, 337, 821, 247, 279, 460, 505, 739, 911, 795, 543, 704, 974, 50, 394, 330, 228, 867, 499, 427, 634, 106, 204, 152, 685, 556, 192, 426, 723, 638, 421, 222, 56, 601, 265, 224, 943, 356, 324, 597, 999, 577, 792, 775, 276, 738, 767, 511, 259, 0, 65, 588, 979, 669, 117, 838, 298, 895, 160, 815, 851, 794, 581, 809, 416, 876, 39, 523, 828, 264, 293, 31, 186, 741, 658, 319, 338, 321, 984, 132, 140, 69, 434, 463, 175, 57, 797, 79, 158, 660, 716, 973, 546, 94, 742, 120, 476, 274, 940, 146, 962, 772, 446, 479, 333, 737, 275, 560, 123, 113, 121, 441, 662, 164, 781, 917, 619, 976, 927, 526, 589, 777, 437, 907, 552, 205, 834, 408, 861, 10, 568, 105, 55, 535, 573, 735, 611, 944, 212, 764, 360, 310, 829, 28, 33, 470, 768, 85, 853, 712, 694, 740, 6, 386, 639, 393, 299, 141, 763, 961, 18, 468, 583, 390, 282, 835, 671, 341, 859, 571, 800, 538, 303, 285, 215, 273, 376, 45, 802, 172, 281, 118, 252, 89, 873, 412, 187, 757, 66, 720, 954, 201, 627, 213, 869, 665, 710, 680, 788, 60, 374, 736, 663, 966, 575, 506, 641, 169, 785, 540, 432, 975, 595, 451, 241, 93, 38, 942, 521, 831, 325, 22, 517, 410, 174, 86, 474, 42, 676, 225, 349, 725, 149, 705, 407, 223, 528, 104, 857, 23, 754, 305, 300, 674, 96, 191, 707, 155, 458, 706, 4, 553, 550, 501, 401, 761, 266, 688, 229, 786, 80, 195, 840, 210, 830, 103, 578, 518}
A ^ B
A c B
A ^ B
B u A
B ^ A
272 e B
A -= 454
B += 552
q
