B \ A
55 e A
B -= 8
B ^ A
B u A
B += 16
B = {94, 66, 11, 41, 96, 85, 22, 16, 92, 87, 46, 98, 30, 83, 80, 20, 35, 55, 73, 57, 74, 71, 24, 67, 15}
A = {28, 36, 61, 12, 6, 56, 85, 91, 76, 72, 63, 74, 30, 66, 83, 75, 43, 94, 47, 14, 27, 32, 2, 41, 44, 57, 19, 37, 65, 79, 69, 99, 80, 67, 13}
B = {73, 65, 64, 86, 94, 96, 7, 56, 49, 37, 4, 77, 83, 21, 20, 34, 1, 24, 61, 35, 11, 67, 71, 10, 29, 58, 57, 80, 41, 38, 98, 8, 90, 27, 43, 74, 76, 62, 68, 39, 81, 55, 33, 47, 87, 54, 66, 31, 75, 18, 28, 88, 44, 48, 9, 53, 69, 72, 40, 25, 17, 2, 46, 16, 93, 3, 30, 84, 92, 23, 32, 12, 89, 51, 45, 22, 79, 19, 13, 42, 52, 85, 26, 60, 78, 14, 70, 36, 91, 63, 6, 97, 95, 0, 5, 59, 82, 15, 50, 99}
B += 83
76 e A
B -= 74
A += 42
74 e A
A ^ B
83 e A
A -= 95
A = {16, 45, 18, 67, 69, 1, 79, 51, 88, 70, 22, 95, 92, 90, 10, 73, 42, 0, 34, 8, 68, 3, 61, 78, 7, 11, 93, 28, 50, 83, 19, 46, 56, 36, 84, 27, 63, 31, 49, 94, 14, 71, 89, 20, 39, 96, 54, 74, 48, 29, 17, 30, 13, 52, 41, 43, 62, 23, 82, 5, 81, 75, 58, 85, 87, 21, 37, 26, 38, 24, 59, 25, 98, 99, 57, 12, 66, 72, 47, 60, 80, 32, 2, 97, 9, 40, 15, 76}
B \ A
A c B
A -= 9
65 e B
A += 85
B -= 17
B -= 19
2 e B
B -= 73
A = {57, 76, 33, 69, 50, 12, 13, 17, 34, 20, 16, 61, 14, 6, 36}
A = {31, 64, 83, 56, 52, 62, 59, 33, 14, 53, 48, 70, 54, 9, 22, 35, 87, 6, 71, 90, 68, 0, 93, 95, 80, 23, 12, 44, 82, 99, 17, 50, 73, 75, 51, 98, 76, 46, 96, 37, 81, 4, 57, 36, 69, 43, 18, 61, 1, 2, 79, 3, 29, 7, 32, 85, 42, 65, 45, 39, 67, 34, 86, 84, 10, 72, 89, 78, 49, 58, 94, 8, 92, 40, 60, 63, 21, 5, 66, 38, 28, 27, 30, 25}
A = {69, 54, 47, 35, 2, 32, 61, 40, 55, 36, 86, 6, 27, 93, 95, 66, 77, 46, 14, 52, 42, 91, 71, 60, 4, 0, 48, 38, 43, 50, 5, 39, 99, 44, 98, 23, 79, 84, 49, 28, 80, 15, 97, 30, 31, 17, 8}
A c B
B c A
A += 75
A \ B
A ^ B
B \ A
B = {80, 19, 71, 10, 55, 15, 59, 7, 44, 57, 50, 2, 52, 92, 36, 49, 35, 82, 97, 20, 56, 68, 87, 13, 42, 18, 47, 31, 51, 88, 62, 17, 54, 3, 60, 53, 81, 66, 90, 33, 72, 43, 85, 77, 95, 14, 86, 5, 30, 4, 65, 16, 9, 67, 84, 91, 12, 89, 26, 79, 96, 8, 29, 61, 22, 39, 45, 23, 28, 1, 46, 21, 37, 76, 25, 38, 64, 0, 69, 58, 83, 27, 48, 41, 11, 6, 73, 93, 98, 99, 40, 94, 34, 32, 75, 78, 63, 70}
B \ A
A -= 31
A -= 21
A += 16
A \ B
B ^ A
B += 92
89 e B
A u B
A c B
B += 81
A = {46, 48, 36, 8, 54, 81, 21, 97, 72, 19, 95, 26, 56, 9, 57, 91, 49, 65, 5, 73, 30, 66, 43, 15, 47, 42, 88, 78, 23, 69, 64, 99, 71, 50, 27, 92, 62, 4, 22, 68, 90, 12, 45, 16, 77, 35, 58, 82, 24, 60, 96, 70, 87, 13, 38, 61, 67, 25, 98, 52, 2, 79, 1, 84, 74, 55, 63}
B ^ A
A = {52, 55, 46, 67, 8, 51, 41, 70, 38, 7, 21, 84, 11, 40, 25, 17, 28, 75, 58, 4, 9, 90, 82, 88, 15, 92, 45, 94, 72, 14, 87, 77, 81, 48, 0, 22, 76, 32, 56, 47, 57, 33, 89, 64, 3, 98, 26, 36, 20, 35, 79, 29, 62, 16, 42, 96, 34, 27, 18, 39, 93, 44, 85, 97, 10}
B \ A
B -= 91
A = {71, 32, 48, 63, 24, 62, 76, 87, 29, 9}
B c A
B = {98, 5, 93, 52, 20, 88, 38, 81, 78, 60, 69, 58, 95, 61, 33, 67, 8, 36, 53, 77, 31, 19, 13, 75, 27, 17, 7, 9, 85, 4, 41, 11, 74, 32, 54, 28, 55, 10, 25, 97, 2, 86, 66, 34, 87, 99, 84, 15, 68, 35, 18, 80, 3, 64, 46, 83, 96, 26, 71, 6, 48, 44, 29, 89, 65, 57, 43, 94, 90, 79, 50, 51, 47, 37, 1, 73, 12, 91, 16, 23, 24, 76, 39, 0, 42, 82, 30, 70, 22}
B \ A
B \ A
A += 4
B = {38, 86, 57, 97, 19, 82, 31, 95, 75, 98, 16, 99, 94, 23, 40, 1, 54, 29, 37, 47, 44, 18, 56, 5, 91, 93, 8, 36, 25, 71}
B u A
B u A
A -= 4
A += 18
B ^ A
B u A
A c B
B += 13
A += 22
B u A
B ^ A
A += 27
A c B
A -= 96
A = {67, 78, 6, 99, 94, 40, 14, 81, 48, 91, 26, 9, 1, 44, 15, 4, 34, 53, 98, 88, 3, 33, 20, 32, 68, 69, 92, 12, 71, 23, 49, 79, 70, 64, 73, 84, 13, 55, 0, 82, 97, 93, 29, 75, 65, 17, 57, 7, 18, 56, 8, 21, 58, 43, 95, 35, 25, 51, 80}
59 e A
B = {30, 20, 22, 26, 78, 8, 0, 90, 34, 57, 27, 93, 33, 49, 3, 32, 60, 88, 18, 9, 53, 67}
B = {38, 59, 99, 71, 15, 67, 19, 24, 46, 53, 43, 74, 96, 73, 9, 72, 13, 92, 95, 34, 60, 49, 40, 1, 97, 18, 10, 39, 78, 62, 7, 8, 80, 20, 12, 16, 93, 77, 90, 2, 52, 5, 30, 83, 58, 88, 57, 87, 33, 25, 61, 32, 17, 64, 54, 56, 35, 75, 89, 14, 41, 51, 91, 45, 31, 86, 65, 55, 37, 44, 79, 27, 82, 98, 26, 70, 69, 4, 76, 81, 66, 50, 48, 36, 28, 6, 84, 0, 22, 42, 29, 85, 23, 11, 94}
3 e A
45 e B
A += 6
B -= 34
A += 44
B = {88, 69, 41, 7, 90, 71, 15, 29, 60, 3, 17, 74, 65, 78, 1, 77, 93, 40, 39, 63, 66, 25, 11, 57, 18, 5, 12, 42, 0, 33, 83, 73}
A c B
B -= 35
A ^ B
A u B
A ^ B
A += 85
A c B
A = {66, 97, 29, 2, 56, 9, 92, 24, 52, 82, 89, 3, 64, 79, 34, 90, 76, 37}
B -= 92
A ^ B
B -= 35
B c A
A = {37, 46, 94, 12, 14, 95, 11, 54, 0, 17, 53, 97, 86, 78, 90, 76, 99, 48, 91, 92, 89, 18, 52, 80, 50, 35, 47, 67, 23, 41, 62, 39, 87, 5, 59, 75, 21, 3, 28, 27, 82, 26, 66, 58, 70, 43, 40, 74, 44, 4, 32, 13, 55, 25, 19, 61, 60, 45, 24, 6, 38, 42, 77, 30, 83, 79, 10, 98, 33, 15, 8, 1, 57, 73, 84, 81, 63, 16, 51, 49, 65, 93, 72, 69, 2, 36}
A += 23
B += 93
B \ A
q
