B = {9, 93, 13, 20, 31, 68, 51, 49, 81, 27, 58, 37, 54, 95, 36, 77, 82, 35, 53, 8, 83, 92, 16, 25, 43, 19, 73, 12, 62, 3, 97, 71, 18, 86, 26, 63, 6, 56, 67, 40, 74, 75, 45, 61, 76, 21, 88, 87, 7, 89, 10, 32, 24, 69, 96, 34, 57, 70, 0, 55, 78, 98, 80, 30, 11, 14, 2, 65, 79, 60, 5, 66, 50, 72, 15, 22, 46, 90, 33}
B += 57
B = {96, 35, 54, 34, 31, 53, 50, 8, 4, 23, 13, 56, 58, 21, 76, 1, 87, 64, 6, 57, 91, 37, 68, 72, 86, 45, 52, 98, 63, 97, 0, 89, 69, 3, 83, 7, 42, 25, 82, 94, 17, 75, 65, 18, 84, 92, 67, 74, 5, 85, 28, 2, 26, 10, 71, 22, 9, 16, 41, 27, 90, 24, 39, 36, 93, 20, 95, 77, 62, 79, 48, 99, 14, 19, 80, 49, 46, 55, 15, 30, 60}
11 e B
37 e A
B = {74, 13, 32, 22, 1, 31, 27, 60, 66, 40, 63, 70, 76, 91, 9, 79, 37, 23, 18, 71, 85, 45, 82, 24, 98, 44, 78, 11, 34, 86, 84, 3, 47, 52, 15, 54, 14, 62, 48, 68, 49, 46, 57, 72, 93, 81, 41, 17, 25, 58, 42, 53, 21, 90, 6, 51, 33, 77, 97, 30, 16, 64, 92, 69, 87, 67, 83, 36, 80, 61, 38}
B += 64
A \ B
69 e A
B -= 72
A \ B
B \ A
A c B
B -= 60
B = {93, 41, 82, 51, 97, 59, 7, 95, 69, 14, 4, 9, 63, 79, 16, 60, 46, 91, 66, 30, 98, 27, 81, 67, 1, 73, 44, 34, 15, 99, 0, 12, 57, 68, 61, 49, 62, 80, 58, 8, 13, 64, 11, 31}
A = {3, 32, 16, 13, 93, 89, 63, 75, 20, 24, 37, 2, 56, 26, 82, 62, 95, 38, 52, 9, 74, 79, 65, 36, 15, 30, 28, 57, 35, 81, 5, 41, 10, 99, 72, 39, 73, 49, 18, 84, 92, 47, 45, 66, 27, 42, 29, 83, 61, 90, 76, 64, 97, 77, 58, 8, 22, 78, 86, 14, 7, 1, 46, 67, 80, 71, 54, 21, 12, 60, 0, 6, 85, 23}
A -= 14
B = {65, 5, 85, 90, 96, 87, 13, 36, 77, 73, 40, 86, 76, 24, 44, 62, 35, 12, 37, 84, 6, 31, 29, 14, 4, 42, 97, 63, 1, 26, 28, 66, 95, 23, 21, 75, 45, 60, 41, 18, 50, 52, 34, 57, 2, 69, 15, 54, 3, 61, 89, 17, 68, 71, 33, 32, 19, 49, 72, 78, 59, 46, 16, 30, 64, 80, 51, 43, 22, 39, 7, 94, 25, 92, 9, 82, 56, 79, 83, 67, 88}
A ^ B
A = {16, 33, 30, 38, 61, 69, 25, 86, 13, 62, 53, 67, 56, 50, 92, 72, 40, 0, 68, 98, 58, 28, 18, 14, 96, 84, 27, 80, 76, 85, 31, 43, 82, 74, 99, 1, 20, 83, 32, 42, 21, 46, 10, 90, 34, 4, 88, 75, 49, 2, 51, 5, 95}
B u A
A = {5, 13, 55, 38, 73, 56, 84, 11, 42, 43, 37, 2, 36, 1, 97, 32}
B += 19
71 e B
B \ A
A = {70, 50, 32, 30, 29, 47, 58, 46, 10, 98, 31, 40, 96, 1, 22, 95, 23, 92, 72, 65, 81, 75, 53, 7, 91, 94, 28, 34, 73, 43, 33, 16, 17, 41, 71, 11, 64, 68, 8, 56, 82, 93}
B -= 83
16 e B
A ^ B
39 e B
A -= 12
A += 10
B = {54, 17, 69, 70, 86, 36, 46, 42, 96, 8, 27, 93, 73, 95, 63, 11, 37, 56, 61, 84, 71, 76, 14, 66, 77, 89, 7, 43, 44, 65, 82, 47, 4, 60, 31, 64, 45, 33, 30, 62, 59, 39, 72, 98, 18, 67, 49, 16, 3, 6, 2, 90, 1}
A -= 66
A -= 22
B += 50
B -= 60
B += 69
B -= 64
46 e B
B = {40, 16, 10, 32, 22, 31, 93, 97, 87, 78, 25, 19, 92, 57, 24, 80, 65, 30, 68, 23, 41, 55, 95, 85, 14, 77, 64, 81}
B = {26, 2, 42, 23, 68, 15, 10, 43, 24, 85, 81, 48, 33, 52, 67, 1, 22, 51, 41, 53, 97, 54, 73, 32, 64, 46, 27, 61, 49, 14, 93, 29, 86, 17, 8, 47, 95, 39, 56, 87, 72, 38, 63, 78, 70, 50, 60, 4, 71, 28, 90, 5, 16, 40, 99, 21, 44, 88, 30, 76, 91, 74, 69, 80, 57, 35, 92, 59, 36, 58, 9, 55, 31, 25, 20, 79, 18, 89, 45, 83, 75, 94, 6, 13, 12, 98, 3}
A -= 15
73 e B
A += 21
A += 9
65 e B
B += 36
B c A
B ^ A
5 e A
A ^ B
B += 12
B c A
53 e A
B u A
B c A
A -= 1
B += 9
A c B
B \ A
A += 46
B = {98, 36, 68, 70, 73, 96, 21, 33, 54, 56, 29, 51, 39, 66, 41, 58, 44, 3, 32, 6, 78, 59, 18, 19, 69, 71, 27, 83, 45, 43, 38, 20, 11, 85, 60, 84, 75, 35, 90, 7, 13, 25, 40, 34, 23, 92, 62, 12, 24, 77, 64, 81, 5, 87, 0, 91, 14, 17, 15, 72, 93, 88, 31, 4, 89, 28, 94, 10, 30, 63, 80}
A = {8, 95, 94, 17, 6, 5, 30, 80, 27, 4, 15, 76, 34, 70, 97, 1, 20, 32, 84, 99, 71, 45, 12, 63, 36, 67, 11, 85, 54, 24, 29, 42, 23, 50, 16, 55, 41, 81, 79, 62, 22, 60, 9, 61, 57, 66, 26, 31, 87, 78, 35, 83, 37, 48, 44, 25, 77, 89, 51, 39, 91, 69, 75, 40, 43, 68, 64, 0, 3, 10, 93, 72, 74, 96, 13, 21, 52, 33, 90}
A ^ B
B += 34
A = {47, 10, 62, 20, 55, 34, 70, 4, 3, 52, 26, 72, 58, 61, 74, 33, 30}
A u B
A -= 56
B \ A
A = {74, 46, 56, 55, 16, 98, 86, 44, 40, 81, 57, 8, 33, 12, 7, 15, 71, 87, 95, 32, 60, 28, 99, 79, 4, 61, 59, 92, 82, 21, 54, 39, 64, 84, 78, 96, 89, 49, 5, 43, 51, 35, 25, 94, 52, 14, 24, 72, 23, 10, 1, 62, 70, 93, 11, 88, 48, 90, 91, 13, 2, 75, 37, 22, 80, 67, 29, 6, 42, 17, 36, 18, 45, 26, 97, 27, 73, 77, 83}
A c B
B \ A
B ^ A
B += 84
B -= 100
B \ A
A -= 10
A \ B
B -= 52
A ^ B
B -= 88
B = {47, 68, 29, 22, 18, 27, 42, 66, 59, 36, 12, 84, 53, 46, 97, 63, 64, 51, 48, 81, 76, 52, 85, 31, 15, 79, 38, 78, 28, 6, 7, 17, 32, 26, 24, 62, 1, 54, 77, 37, 50, 60, 89, 23, 10, 99, 56, 43, 45, 95, 93, 61, 72, 70}
B ^ A
B += 9
A -= 90
A ^ B
B \ A
A = {17, 3, 29, 64, 11, 30, 42, 1, 87, 9, 36, 69, 96, 47, 51, 28, 72, 75, 35, 70, 62, 71, 54, 61, 19, 2, 13, 86, 8, 44, 97, 23, 58, 76, 91, 15, 67, 24, 32, 46, 65, 90, 59, 50, 0, 80, 26, 16, 25, 21, 10, 60, 55, 39, 45, 5, 88, 84, 12, 53, 73, 34, 20, 14, 18, 33, 83, 37, 41, 89, 93, 68, 92, 57, 31, 85, 78, 43, 94, 63, 40, 4, 27, 7, 99, 82, 6, 95, 52, 77, 81, 74, 66, 79, 56, 22}
B = {0, 46, 21, 38, 20, 9, 73, 6, 44, 49, 28, 41, 98, 83, 30, 75, 84, 55, 36, 15, 11, 70, 99, 94, 16, 89}
A \ B
A = {2, 69, 88, 96, 53, 97, 68, 36, 54, 1, 73, 31, 33, 82, 50, 8, 24, 48, 43, 26, 28, 67, 35, 12, 66, 5, 46, 51, 74, 76, 83, 95, 70, 63, 87, 14, 65, 61, 57, 64, 29, 75, 9, 71, 3, 37, 44, 19, 7, 47, 55, 60, 77, 18, 6, 92, 32, 20, 85, 90, 56, 45, 72, 80, 0, 15, 4, 52, 27, 58, 39, 40, 98, 17, 89, 23, 79, 59, 99, 42, 10, 30, 16, 11, 91, 41, 49, 78, 22, 81, 62, 34, 93, 94}
B c A
A -= 26
B += 42
B += 22
A -= 21
B -= 55
B = {93, 35, 51, 46, 92, 25, 39, 67, 54, 47, 1, 0, 55, 16, 59, 11, 33, 43, 8, 69, 14, 87, 20, 44, 18, 37, 57, 91, 94, 34, 77, 21, 17, 82, 29, 85, 48, 99, 90, 26, 75, 78, 89, 70, 45, 19, 98, 49, 81, 40, 42, 60, 72, 23, 27, 22, 15, 28, 65, 66, 83, 41, 56, 6, 96, 32, 88}
B = {77, 98, 88, 56, 68, 71, 67, 22, 42, 21, 76, 87, 48, 32, 35, 85, 82, 31, 5, 60, 84, 24, 79, 13, 74, 99, 6, 53, 73, 11, 96, 72, 47, 52, 17, 12, 45, 39, 95, 93, 25, 34, 97, 29, 66, 57, 51, 92, 64, 23, 58, 4}
q
