A -= 73
A ^ B
B += 69
A -= 87
A += 66
A = {23, 11, 131, 65, 13, 31, 21, 114, 76, 93, 115, 34, 73, 33, 78, 77, 101, 18, 143, 66, 28, 130, 36, 108, 6, 44, 116, 125, 82, 5, 64, 3, 80, 142, 137, 67, 148, 20, 52, 145, 87, 60, 118, 63, 90, 135, 38, 136, 75, 29, 56, 41, 74, 128, 40, 89, 119, 102, 8, 120, 92, 59, 61, 107, 55, 53, 117, 68, 16, 83, 2, 100, 140, 24, 12, 9, 104, 105, 22, 86, 144, 43, 30, 124, 127, 49, 149, 99, 97, 70, 57, 32, 27, 91, 26, 129, 122, 94, 85, 95, 134, 69, 54, 39, 17, 88}
A \ B
17 e B
B = {112, 72, 141, 3, 52, 120, 42, 26, 75, 60, 33, 39, 24, 99, 71, 8, 93, 87, 89, 20, 47, 134, 94, 114, 25, 63, 90, 67, 86, 6, 49, 28, 147, 96, 54, 97, 36, 58, 82, 84, 79, 142, 127, 31, 81, 74, 21, 102, 135, 80, 139, 10, 22, 145, 144, 104, 53, 27, 118, 105, 116, 148, 12, 95, 18, 122, 103, 14, 0, 7, 29, 140, 131, 126, 100, 85, 137, 57, 146, 16, 130, 92, 123, 59, 15, 61, 5, 51, 110, 101}
A -= 7
q
