A \ B
B ^ A
B = {861, 796, 920, 26, 615, 145, 276, 685, 816, 196, 809, 782, 202, 469, 783, 117, 570, 98, 500, 65, 610, 112, 383, 110, 232, 407, 332, 139, 238, 45, 726, 995, 337, 928, 688, 162, 436, 572, 44, 600, 552, 835, 530, 208, 170, 773, 143, 197, 439, 817, 192, 339, 904, 472, 37, 778, 114, 153, 964, 438, 89, 576, 403, 825, 565, 150, 404, 524, 938, 755, 827, 844, 747, 554, 899, 366, 556, 727, 972, 81, 693, 457, 424, 890, 955, 174, 127, 254, 715, 455, 266, 120, 319, 7, 719, 932, 27, 561, 230, 801, 444, 138, 320, 854, 410, 203}
A = {851, 911, 925, 388, 708, 575, 444, 623, 266, 577, 60, 800, 907, 262, 929, 853, 882, 381, 541, 257, 280, 429, 458, 548, 194, 57, 802, 323, 729, 918, 543, 370, 613, 756, 208, 786, 998, 600, 342, 794, 905, 780, 188, 652, 404, 793, 345, 581, 945, 660, 325, 380, 44, 75, 665, 348, 292, 499, 996, 847, 17, 547, 820, 682, 239, 435, 158, 87, 819, 468, 127, 778, 54, 71, 993, 598, 640, 513, 115, 330, 109, 834, 99, 139, 133, 495, 789, 692, 646, 107, 65, 383, 162, 260, 192, 811, 535, 796, 714, 684, 178, 971, 751, 433, 72, 606, 52, 719, 207, 840, 559, 737, 958, 889, 394, 16, 747, 650, 135, 988, 500, 166, 453, 878, 369, 113, 699, 195, 389, 106, 49, 301, 148, 272, 396, 588, 748, 568, 38, 26, 672, 579, 363, 450, 418, 638, 736, 90, 110, 130, 470, 258, 462}
A = {155, 191, 897, 450, 341, 898, 959, 434, 708, 130, 440, 292, 407, 420, 605, 783, 727, 495, 673, 43, 176, 253, 49, 380, 410, 991, 444, 957, 57, 112, 773, 180, 342, 938, 545, 635, 484, 585, 16, 257, 536, 170, 614, 816, 789, 86, 551, 392, 481, 984, 680, 638, 787, 739, 21, 914, 141, 228, 477, 732, 886, 140, 351, 107, 437, 120, 205, 97, 373, 145, 405, 344, 108, 891, 995, 30, 954, 167, 878, 190, 83, 310, 912, 400, 110, 790, 997, 982, 124, 59, 464, 834, 225, 855, 234, 704, 665, 922, 830, 942, 930, 427, 820, 776, 943, 782, 395, 996, 28, 244, 597, 7, 338, 731, 691, 750, 858, 718, 546, 826, 607, 129, 452, 557, 763, 289, 513, 279, 113, 509, 147, 123, 879, 439, 711, 217, 792, 0, 334, 77, 628, 831, 454, 215, 697, 163, 461, 657, 881, 900, 877, 852, 630, 32, 331, 211, 599, 377, 383, 401, 329, 385, 661, 74, 609, 808, 276, 829, 548, 796, 208, 85, 132, 956, 98, 286, 947, 11, 714, 823, 733, 623, 280, 955, 678, 355, 29, 48, 431, 346, 933, 847, 920, 499, 465, 369, 482, 240, 165, 325, 403, 531, 729, 555, 511, 109, 487, 994, 162, 247, 367, 993, 928, 836, 840, 409, 233, 241, 419, 182, 719, 730, 37, 960, 839, 156, 593, 571, 590, 399, 924, 927, 470, 429, 581, 273, 146, 856, 212, 703, 360, 51, 523, 563, 174, 349, 869, 923, 543, 189, 906, 977, 169, 179, 969, 749, 158, 218, 619, 133, 664, 301, 500, 35, 746, 451, 905, 442, 707, 694, 672, 684, 33, 361, 875, 142, 127, 84, 970, 642, 432, 726, 958, 151, 990, 818, 314, 908, 814, 525, 415, 720, 608, 161, 822, 676, 231, 22, 414, 883, 717, 453, 358, 537, 197, 327, 917, 659, 634, 304, 490, 723, 598, 569, 303, 45, 868, 186, 616, 87, 516, 716, 82, 460, 961, 885, 248, 620, 79, 381, 372, 26, 291, 60, 916, 705, 105, 449, 799, 809, 683, 178, 755, 606, 946, 753, 842, 322, 811, 919, 505, 66, 271, 828, 821, 715, 728, 135, 539, 556, 175, 311, 195, 288, 859, 784, 566, 89, 518, 758, 621, 17, 118, 502, 339, 806, 724, 976, 940, 9, 95, 862, 93, 880, 206, 779, 838, 96, 774, 333, 633, 122, 389, 164, 685, 31, 812, 134, 398, 795, 424, 68, 587, 550, 901, 3, 386, 489, 648, 702, 67, 825, 573, 861, 296, 971, 646, 890, 203, 864, 521, 786, 277, 848, 308, 576, 54, 229, 670, 36, 200, 742, 632, 652, 246, 544, 713, 324, 345, 981, 479, 263, 851, 735, 243, 911, 463, 967, 767, 19, 201, 23, 285, 337, 497, 50, 918, 90, 268, 264, 207, 973, 494, 532, 867, 554, 326, 13, 610, 354, 989, 421, 468, 849, 892, 948, 458, 70, 55, 540, 75, 52, 600, 193, 740, 332, 56, 935, 654, 224, 669, 313, 412, 284, 640, 637, 41, 219, 689, 596, 611, 459, 473, 393, 1, 625, 549, 781, 297, 307, 682, 485, 793, 318, 805, 267, 4, 526, 580, 690, 357, 438, 850, 506, 893, 744, 216, 38, 762, 565, 626, 754, 759, 486, 564, 902, 306, 491, 63, 612, 622, 46, 777, 441, 417, 139, 854, 562, 226, 800, 866, 245, 604, 312, 265, 362, 788, 293, 131, 269, 447, 61, 668, 517, 507, 931, 335, 627, 748, 797, 456, 194, 478, 817, 832, 323, 443, 706, 239, 674, 328, 528, 157, 837, 737, 262, 775, 578, 663, 8, 771, 187, 572, 302, 529, 801, 751, 188, 353, 527, 24, 929, 966, 153, 315, 467, 347, 615, 426, 887, 560, 204, 448, 709, 553, 575, 137, 352, 656, 769, 446, 99, 177, 921, 963, 813, 941, 909, 278, 266, 20, 166, 168, 884, 27, 530, 592, 974, 538, 937, 65, 876, 595, 643, 949, 846, 688, 624, 503, 295, 493, 843, 699, 734, 803, 39, 681, 256, 512, 677, 907, 69, 827, 953, 686, 986, 254, 833, 40, 222, 378, 952, 106, 47, 436, 741, 472, 896, 950, 701, 336, 258, 888, 299, 649, 78, 778, 238, 319, 330, 390, 972, 926, 980, 785, 601, 283, 388, 152, 2, 987, 514, 647, 183, 462, 535, 251, 213, 214, 579, 356, 171, 384, 721, 457, 559, 772, 964, 496, 534, 768, 423, 250, 184, 872, 172, 501, 321, 745, 154, 160, 397, 698, 700, 290, 185, 275, 975, 988, 149, 235, 913, 696, 561, 430, 252, 294, 402, 117, 687, 348, 658, 882, 376, 841, 979, 199, 835, 44, 210, 650, 391, 603, 978, 73, 471, 692, 498, 488, 736, 863, 860, 428, 370, 128, 671, 894, 865, 71, 281, 853, 232, 752, 53, 903, 14, 144, 895, 221, 15, 121, 150, 983, 712, 466, 111, 261, 629, 904, 475, 408, 857}
A c B
B += 500
A \ B
B ^ A
B \ A
B ^ A
B \ A
B u A
A c B
A ^ B
B ^ A
A = {277, 227, 428, 820, 234, 973, 107, 955, 957, 693, 840, 118, 262, 117, 930, 520, 204, 897, 555, 744, 112, 912, 91, 490, 134, 14, 53, 281, 929, 180, 675, 206, 420, 367, 51, 156, 453, 125, 399, 908, 723, 815, 460, 530, 29, 698, 853, 450, 325, 71, 681, 267, 247, 996, 469, 250, 786, 172, 207, 944, 904, 194, 899, 787, 878, 181, 706, 109, 865, 365, 900, 195, 742, 26, 581, 451, 812, 654, 684, 778, 797, 241, 618, 12, 683, 563, 245, 315, 962, 954, 597, 847, 301, 731, 410, 427, 940, 432, 98, 730, 691, 803, 224, 145, 685, 652, 455, 28, 481, 248, 931, 120, 925, 496, 760, 492, 221, 623, 54, 918, 852, 748, 335, 64, 342, 92, 440, 619, 548, 850, 557, 19, 605, 799, 66, 756, 434, 421, 872, 150, 103, 741, 242, 31, 705, 934, 387, 283, 488, 627, 418, 807, 550, 316, 475, 34, 762, 273, 915, 508, 38, 186, 297, 157, 465, 843, 650, 518, 643, 765, 348, 541, 721, 898, 777, 274, 249, 354, 710, 398, 802, 69, 160, 165, 201, 454, 717, 808, 640, 368, 871, 86, 809, 235, 99, 725, 895, 883, 796, 941, 589, 389, 361, 735, 433, 713, 268, 576, 333, 628, 489, 498, 561, 537, 1, 211, 499, 280, 829, 905, 527, 140, 185, 754, 158, 147, 442, 793, 526, 596, 344, 821, 84, 948, 920, 57, 123, 422, 661, 32, 755, 715, 52, 564, 817, 121, 35, 89, 271, 869, 305, 749, 994, 814, 385, 505, 445, 889, 487, 202, 393, 49, 547, 73, 0, 880, 261, 423, 468, 603, 558, 874, 196, 113, 266, 873, 767, 18, 2, 594, 237, 608, 386, 478, 739, 259, 539, 722, 966, 166, 289, 977, 167, 866, 701, 819, 148, 137, 382, 100, 746, 842, 370, 653, 822, 332, 702, 170, 630, 27, 203, 347, 538, 671, 641, 477, 162, 670, 631, 837, 818, 17, 449, 719, 993, 947, 707, 310, 212, 856, 372, 666, 979, 575, 593, 272, 877, 578, 214, 371, 96, 574, 88, 42, 225, 104, 339, 383, 938, 855, 56, 375, 784, 672, 964, 697, 355, 10, 616, 334, 752, 690, 882, 132, 252, 307, 789, 175, 570, 327, 124, 182, 745, 303, 624, 493, 893, 179, 412, 911, 677, 609, 143, 414, 500, 168, 75, 886, 151, 978, 974, 302, 462, 556, 567, 131, 255, 599, 813, 232, 443, 907, 269, 645, 380, 859, 656, 243, 397, 664, 4, 30, 667, 926, 244, 779, 6, 257, 890, 83, 183, 846, 110, 479, 535, 943, 801, 587, 229, 969, 927, 341, 236, 11, 772, 485, 294, 359, 924, 191, 525, 922, 800, 390, 126, 833, 401, 965, 610, 823, 415, 902, 396, 700, 668, 768, 849, 875, 82, 984, 549, 394, 831, 318, 144, 328, 122, 879, 210, 832, 97, 163, 102, 634, 295, 892, 430, 311, 8, 139, 15, 932, 379, 331, 970, 472, 129, 612, 403, 504, 682, 275, 226, 285, 781, 119, 108, 758, 662, 633, 378, 213, 366, 116, 521, 617, 482, 776, 349, 638, 256, 607, 604, 696, 23, 419, 340, 253, 579, 169, 686, 337, 764, 67, 551, 606, 130, 111, 524, 392, 740, 473, 769, 436, 848, 323, 198, 595, 230, 189, 679, 720, 785, 919, 611, 205, 583, 405, 62, 959, 352, 887, 963, 441, 463, 916, 299, 936, 384, 217, 923, 425, 363, 868, 218, 190, 703, 891, 992, 391, 309, 209, 998, 239, 727, 346, 251, 860, 153, 554, 448, 751, 40, 146, 400, 568, 79, 300, 816, 374, 74, 678, 320, 861, 743, 845, 591, 353, 805, 910, 546, 980, 208, 665, 680, 660, 193, 63, 417, 519, 7, 600, 296, 495, 586, 544, 999, 921, 416, 773, 709, 858, 61, 3, 774, 298, 87, 830, 903, 967, 552, 975, 338, 598, 536, 523, 695, 951, 626, 835, 47, 279, 260, 863, 78, 373, 615, 985, 960, 942, 452, 775, 270, 480, 369, 171, 106, 562, 733, 828, 613, 376, 491, 738, 411, 509, 317, 154, 395, 458, 424, 657, 329, 161, 836, 834, 105, 981, 471, 438, 621, 571, 625, 321, 284, 782, 264, 188, 314, 986, 136, 827, 592, 543, 714, 532, 404}
B -= 10
255 e B
B = {429, 917, 872, 791, 484, 89, 795, 13, 933, 745, 349, 462, 850, 610, 228, 149, 650, 501, 675, 837, 371, 489, 782, 41, 986, 554, 485, 423, 711, 419, 705, 374, 397, 775, 874, 23, 184, 414, 162, 188, 989, 828, 291, 384, 130, 213, 362, 132, 690, 957, 286, 951, 238, 45, 686, 64, 774, 887, 324, 529, 651, 230, 84, 204, 825, 325, 991, 147, 684, 757, 409, 330, 585, 669, 964, 758, 522, 641, 391, 488, 141, 721, 7, 789, 226, 283, 598, 293, 134, 491, 676, 368, 276, 913, 631, 530, 72, 936, 829, 354, 490, 70, 978, 646, 614, 269, 528, 375, 372, 191, 653, 551, 223, 210, 271, 854, 492, 475, 282, 253, 231, 272, 340, 620, 573, 381, 764, 427, 602, 869, 263, 494, 696, 176, 998, 580, 181, 566, 944, 558, 166, 831, 486, 222, 648, 935, 856, 929, 577, 40, 239, 123, 445, 506, 446, 934, 5, 612, 104, 748, 977, 535, 587, 606, 163, 903, 34, 608, 645, 975, 692, 318, 60, 841, 904, 321, 254, 145, 843, 770, 727, 575, 743, 683, 273, 945, 332, 922, 237, 83, 71, 85, 138, 905, 910, 942, 731, 142, 249, 943, 158, 366, 295, 800, 820, 953, 834, 365, 815, 343, 561, 297, 919, 242, 688, 403, 914, 861, 155, 174, 247, 229, 75, 96, 200, 752, 168, 857, 447, 647, 220, 776, 265, 749, 633, 706, 211, 836, 15, 348, 589, 954, 292, 209, 931, 885, 244, 597, 467, 995, 662, 218, 38, 274, 335, 557, 207, 407, 187, 170, 159, 643, 197, 66, 18, 125, 148, 58, 538, 483, 438, 353, 302, 753, 167, 241, 785, 884, 53, 629, 22, 178, 98, 463, 900, 383, 680, 833, 729, 763, 173, 642, 553, 946, 251, 523, 966, 439, 674, 198, 507, 547, 842, 567, 497, 156, 502, 521, 590, 726, 916, 17, 518, 35, 918, 232, 792, 437, 930, 909, 838, 88, 186, 328, 893, 736, 891, 413, 252, 564, 28, 570, 544, 563, 307, 661, 336, 813, 703, 402, 135, 761, 784, 877, 803, 890, 281, 257, 533, 386, 444, 339, 623, 481, 862, 61, 772, 654, 246, 100, 137, 411, 771, 788, 658, 433, 912, 615, 839, 996, 255, 367, 790, 144, 599, 552, 416, 718, 958, 556, 364, 29, 140, 258, 719, 911, 840, 600, 802, 667, 56, 728, 406, 979, 415, 617, 216, 896, 811, 539, 652, 39, 505, 780, 457, 48, 1, 695, 151, 33, 863, 717, 434, 866, 448, 625, 787, 248}
q
