42
88 422 1032
86 220 368
25 495 1213
44 885 1775
133 415 961
79 285 651
102 995 2554
70 773 1171
75 580 956
13 295 326
37 174 440
33 604 1090
35 611 1128
44 842 1733
81 110 248
88 658 1618
64 253 527
72 592 2087
148 197 409
70 368 554
13 297 389
79 155 345
19 444 876
148 547 1078
116 575 1263
84 840 1778
120 230 521
86 43 72
11 792 2777
147 648 1595
58 765 1723
35 16 30
64 710 1464
147 880 2336
133 917 3230
25 35 88
67 493 781
69 795 1456
19 147 412
39 848 2032
37 55 134
104 266 472
79 978
67 507
44 479
35 371
64 874
81 379
104 516
64 41
35 375
39 203
0 0
