151
5 381 758
67 498 767
54 701 1734
74 833 1543
1 15 33
81 686 1508
56 807 1667
23 990 2149
37 622 1624
109 159 636
37 99 244
92 276 563
104 201 361
39 902 2211
79 143 321
41 508 1419
98 919 2239
86 503 845
11 264 877
5 58 118
41 97 308
17 466 801
70 427 638
67 637 1001
84 566 1361
1 358 728
48 784 1411
58 801 1933
75 508 862
92 545 1070
61 864 1597
25 153 377
67 46 72
29 920 1550
109 523 2079
60 637 1050
56 464 1093
39 851 2068
10 973 1274
44 133 270
44 363 772
72 697 2472
14 92 300
21 366 1000
33 639 1171
16 943 1621
8 107 194
46 553 1117
37 534 1337
75 616 1048
4 42 105
32 833 1510
69 636 1190
19 793 1730
52 839 1886
4 774 1803
102 266 721
2 557 1083
102 737 1931
39 536 1297
16 436 921
54 688 1536
52 742 1663
50 354 1124
43 242 323
23 818 1920
27 240 567
54 877 1869
32 292 469
72 663 2405
96 422 882
10 60 87
7 428 759
88 85 204
27 823 1969
96 784 1497
33 855 1600
35 796 1603
25 740 1749
98 938 2375
13 332 466
93 91 184
86 237 394
79 85 189
46 553 1096
66 670 1156
81 490 1051
13 922 1088
74 155 292
50 305 998
32 835 1358
77 613 877
1 570 1445
60 854 1416
5 541 1095
93 344 685
70 379 566
52 371 842
79 292 624
66 309 538
8 804 1467
29 272 477
84 962 2145
27 218 515
86 803 1378
17 260 584
100 934 1902
30 957 1707
60 634 1160
19 628 1648
14 872 2794
17 863 1433
30 433 751
77 543 821
109 762 3058
74 923 1614
11 904 3187
13 498 554
48 70 139
64 508 1078
81 608 1367
10 965 1705
29 274 478
63 630 1810
43 15 24
50 935 2802
63 330 780
90 423 1051
2 569 1064
69 696 1410
4 899 2057
58 928 2316
64 260 550
90 820 2032
69 162 367
23 574 1252
33 606 1132
21 990 2399
21 248 693
104 961 1705
64 579 1222
63 61 155
43 173 258
48 861 1683
7 26 43
41 277 882
100 801 1599
61 663 1215
35 589 1153
88 663 1620
16 877 1255
50 816
48 48
32 853
8 211
54 493
39 346
70 58
16 376
41 70
25 927
100 32
4 667
90 463
11 331
70 40
7 313
46 576
58 904
66 65
60 698
0 0
