61
147 103 279
186 285 1281
133 506 1457
192 83 542
191 579 5198
191 369 3406
203 877 5933
133 700 1778
160 923 3549
160 987 3762
170 676 6416
195 497 2681
140 526 1104
153 957 3625
344 535 3180
160 338 1352
181 691 1492
133 908 2603
153 161 674
191 456 4323
129 131 1438
157 175 556
140 615 1279
133 565 1085
205 208 1825
153 793 3074
344 936 5729
153 505 1991
129 587 6006
129 232 2455
192 174 1297
192 641 4530
147 448 1112
157 73 238
186 786 3544
205 694 6386
170 303 2774
129 460 4691
195 732 3614
148 781 1534
138 489 2187
157 564 1806
205 42 386
154 65 343
138 829 3733
140 493 1076
133 724 2195
154 508 2762
181 175 341
170 507 4365
186 913 3968
148 74 150
133 171 379
195 560 2534
140 198 424
147 785 1838
154 959 5081
148 171 326
147 218 587
203 821 5790
133 112 328
191 899
154 468
133 132
129 993
148 122
0 0
